max correltion
ans =

  Columns 1 through 9

    0.8632    0.9083    0.9140    0.9162    0.9168    0.9171    0.9169    0.9171    0.9186

  Columns 10 through 11

    0.6367    0.6369